0.00006
0.00006
0.00012
0.00012
0.00006
0.00006
0.00018
0.00024
0.00012
0.00042
0.00018
0.00006
0.00006
0.00006
0.00012
0.0003
0.00018
0.00006
0.00006
0.00006
0.0006
0.00006
0.00006
0.00018
0.00042
0.00024
0.00024
0.00024
0.00006
0.00006
0.00012
0.00006
0.00012
0.00006
0.00012
0.00024
0.00012
0.00006
0.00006
0.00018
0.00006
0.00006
0.00006
0.00012
0.00018
0.00018
0.00024
0.00006
0.00024
0.00006
0.00012
0.00024
0.00012
0.00006
0.00024
0.00012
0.0003
0.00012
0.00012
0.0003
0.00012
0.00012
0.00006
0.00024
0.00012
0.00012
0.0003
0.00006
0.00012
0.0003
0.00006
0.00012
0.00012
0.00012
0.0003
0.00006
0.00006
0.00006
0.00018
0.00024
0.00042
0.00006
0.00012
0.00012
0.00006
0.00006
0.00018
0.00006
0.00012
0.00006
0.0003
0.00018
0.00024
0.00018
0.00036
0.00018
0.00012
0.00006
0.00006
0.00012
0.00006
0.00018
0.00006
0.00006
0.00018
0.00018
0.00018
0.00042
0.00006
0.00036
0.00006
0.00036
0.00012
0.00006
0.00036
0.00018
0.00012
0.00024
0.00006
0.00012
0.00012
0.00042
0.00012
0.00042
0.00006
0.00006
0.00018
0.00012
0.00018
0.00006
0.00024
0.00012
0.00006
0.00042
0.00036
0.00006
0.00018
0.00006
0.00024
0.00012
0.00006
0.00006
0.00006
0.00012
0.00012
0.0003
0.00012
0.00012
0.00042
0.00006
0.00072
0.00006
0.00006
0.00006
0.00018
0.00024
0.00024
0.00018
0.00006
0.00006
0.00036
0.00048
0.00018
0.00042
0.00006
0.0003
0.00012
0.00006
0.0006
0.00006
0.00012
0.00012
0.00006
0.00006
0.00006
0.00018
0.00006
0.00006
0.00012
0.00006
0.00006
0.00006
0.00006
0.00012
0.00006
0.00006
0.00018
0.00006
0.00006
0.00006
0.00036
0.00006
0.00012
0.0003
0.00012
0.00018
0.00024
0.00018
0.00006
0.00024
0.00012
0.00006
0.00018
0.00012
0.00012
0.00006
0.00018
0.00024
0.00006
0.00006
0.00006
0.00054
0.00006
0.00012
0.00012
0.00012
0.00012
0.00006
0.00012
0.00006
0.00024
0.00006
0.00018
0.00012
0.00006
0.00054
0.00024
0.00006
0.00006
0.0003
0.00012
0.00012
0.00024
0.00012
0.00012
0.00006
0.00102
0.00006
0.00006
0.00012
0.00024
0.00006
0.00006
0.00024
0.00006
0.0003
0.00006
0.00006
0.00006
0.00006
0.00006
0.00012
0.00006
0.00012
0.00006
0.00006
0.00006
0.00012
0.00012
0.00012
0.00036
0.00012
0.00012
0.00018
0.00006
0.00006
0.00012
0.00006
0.00018
0.00012
0.0003
0.00006
0.00006
0.00024
0.00006
0.00036
0.00006
0.00006
0.00006
0.00042
0.00006
0.00012
0.00012
0.00012
0.00012
0.00012
0.0003
